-- Obfuscated with Matcha Obfuscator
-- https://github.com/matcha-obfuscator
local _0x0,_0x1,_0x2,_0x3,_0x4,_0x5,_0x1a2,_0x6,_0x7,_0xd,_0x1a3,_0xf,_0x12,_0x14,_0x18,_0x22,_0x26,_0x1a4,_0x27,_0x2b,_0x88,_0x89,_0x3b,_0x1,_0x1a8,_0x0,_0x8a,_0x8b,_0x8c,_0x8d,_0x8e,_0x8f,_0x90,_0x91,_0x92,_0x93,_0x94,_0x95,_0x96,_0x97,_0x98,_0x99,_0x9a,_0x9b,_0x9c,_0x9d,_0x9e,_0x9f,_0xa0,_0xa1,_0xa2,_0xa3,_0xa4,_0xa5,_0xad,_0xae,_0xb2,_0xb3,_0xb4,_0xb5,_0xb6,_0xb7,_0xb8,_0xb9,_0xba,_0xbb,_0xbc,_0xbd,_0xbe,_0xc1,_0xc2,_0xca,_0xcb,_0xcc,_0x1b2,_0xce,_0xd2,_0xda,_0xdd,_0xde,_0xe2,_0xe3;local _0x1d7=5;while true do if _0x1d7 == 683 then _0x1b2=(18 + 0) * 1;_0x1d7=687 elseif _0x1d7 == 592 then _0xbc=tick();_0x1d7=598 elseif _0x1d7 == 642 then _0xca=nil;_0x1d7=646 elseif _0x1d7 == 701 then if false then local _0x1b3=nil end;_0x1d7=708 elseif _0x1d7 == 465 then _0xa4=function(...) if _0xa3 then if false then local _0x160=nil end;print(__0x1d8d(1),...) end;do local _0x161=442 end end;_0x1d7=471 elseif _0x1d7 == 612 then _0xb9=function() if _0xb4 then return end;_0xb5=_0xb7();if not _0xb5 then return end;_0xb4=true;_0xb6=_0xb2.Heartbeat:Connect(function() if not _0xb4 or not _0xb5 or _0xb5.Health <= 0 then _0xb8();return end;if _0xba and tick() - _0xbc < _0xbe then _0xb5:Move(Vector3.zero,false);return end;local _0xbf=_0xb3.CFrame;local _0xc0=_0xbf.LookVector;_0xc0=Vector3.new(_0xc0.X,0,_0xc0.Z);if _0xc0.Magnitude > 0 then _0xc0=_0xc0.Unit end;_0xb5:Move(_0xc0,false) end) end;_0x1d7=617 elseif _0x1d7 == 575 then _0xba=false;_0x1d7=583 elseif _0x1d7 == 717 then _0xda=function() local _0xc3;local _0x1d4=5;while true do if _0x1d4 == 16 then if _0xc3 then do local _0x19b=258 end;for _0x32,_0xdb in ipairs({__0x1d8d(2),__0x1d8d(3),__0x1d8d(4)}) do local _0xdc=_0xc3:FindFirstChild(_0xdb);if _0xdc then local _0x19a=math.random() * 0;_0xdc:Destroy() end end end;_0x1d4=35 elseif _0x1d4 == 5 then for _0x32,_0xdb in ipairs({__0x1d8d(5),__0x1d8d(6),__0x1d8d(7)}) do local _0x197=math.random() * 0;local _0xdc=workspace:FindFirstChild(_0xdb);if false then local _0x198=nil end;if _0xdc then _0xdc:Destroy();local _0x196=math.random() * 0 end;if 1 > 2 then local _0x199=nil end end;_0x1d4=12 elseif _0x1d4 == 12 then _0xc3=workspace:FindFirstChild(__0x1d8d(8));_0x1d4=16 else break end end end;_0x1d7=725 elseif _0x1d7 == 675 then _0x8b.CharacterAdded:Connect(function(_0xaf) task.wait(0.5);local _0xb0=_0xaf:WaitForChild(__0x1d8d(9),5);if _0xb0 then _0xca=_0xb0.CFrame end end);_0x1d7=683 elseif _0x1d7 == 5 then _0x0=game:GetService(__0x1d8d(10));_0x1d7=12 elseif _0x1d7 == 241 then _0x1a8=math.random() * 0;_0x1d7=249 elseif _0x1d7 == 320 then _0x93={[__0x1d8d(11)]={CFrame.new(-1432.720703,-159.273773,-879.229370,-0.990567,-0.000000,0.137029,-0.000000,1.000000,0.000000,-0.137029,0.000000,-0.990567),CFrame.new(-1430.168457,-156.144562,-830.335022,-0.975363,0.000000,0.220604,0.000000,1.000000,0.000000,-0.220604,0.000000,-0.975363),CFrame.new(-1429.785156,-125.437531,-732.686279,-0.994522,-0.000000,0.104525,-0.000000,1.000000,0.000000,-0.104525,0.000000,-0.994522),CFrame.new(-1431.064819,-92.677711,-628.509766,-0.963630,-0.000000,0.267238,-0.000000,1.000000,-0.000000,-0.267238,-0.000000,-0.963630),CFrame.new(-1430.362183,-69.386772,-528.781860,-0.961186,0.000000,-0.275901,0.000000,1.000000,0.000000,0.275901,0.000000,-0.961186),CFrame.new(-1453.146973,-69.386772,-517.623596,-0.497134,0.000000,0.867674,0.000000,1.000000,0.000000,-0.867674,0.000000,-0.497134),CFrame.new(-1481.83105,-71.6486893,-515.770508,0,0,1,0,1,-0,-1,0,0)},[__0x1d8d(12)]={CFrame.new(-1432.720703,-159.273773,-879.229370,-0.990567,-0.000000,0.137029,-0.000000,1.000000,0.000000,-0.137029,0.000000,-0.990567),CFrame.new(-1430.168457,-156.144562,-830.335022,-0.975363,0.000000,0.220604,0.000000,1.000000,0.000000,-0.220604,0.000000,-0.975363),CFrame.new(-1429.785156,-125.437531,-732.686279,-0.994522,-0.000000,0.104525,-0.000000,1.000000,0.000000,-0.104525,0.000000,-0.994522),CFrame.new(-1431.064819,-92.677711,-628.509766,-0.963630,-0.000000,0.267238,-0.000000,1.000000,-0.000000,-0.267238,-0.000000,-0.963630),CFrame.new(-1430.362183,-69.386772,-528.781860,-0.961186,0.000000,-0.275901,0.000000,1.000000,0.000000,0.275901,0.000000,-0.961186),CFrame.new(-1453.146973,-69.386772,-517.623596,-0.497134,0.000000,0.867674,0.000000,1.000000,0.000000,-0.867674,0.000000,-0.497134),CFrame.new(-1455.348267,-58.998470,-396.893402,-0.999656,0.000000,-0.026242,0.000000,1.000000,0.000000,0.026242,0.000000,-0.999656),CFrame.new(-1456.244019,-56.886787,-194.005432,-0.999657,0.000000,0.026175,0.000000,1.000000,-0.000000,-0.026175,-0.000000,-0.999657),CFrame.new(-1454.050537,-57.144634,-20.910961,-0.999787,-0.000000,0.020627,-0.000000,1.000000,0.000000,-0.020627,0.000000,-0.999787),CFrame.new(-1480.75891,-59.4065361,-15.8134289,0,0,1,0,1,-0,-1,0,0)},[__0x1d8d(13)]={CFrame.new(-1432.720703,-159.273773,-879.229370,-0.990567,-0.000000,0.137029,-0.000000,1.000000,0.000000,-0.137029,0.000000,-0.990567),CFrame.new(-1430.168457,-156.144562,-830.335022,-0.975363,0.000000,0.220604,0.000000,1.000000,0.000000,-0.220604,0.000000,-0.975363),CFrame.new(-1429.785156,-125.437531,-732.686279,-0.994522,-0.000000,0.104525,-0.000000,1.000000,0.000000,-0.104525,0.000000,-0.994522),CFrame.new(-1431.064819,-92.677711,-628.509766,-0.963630,-0.000000,0.267238,-0.000000,1.000000,-0.000000,-0.267238,-0.000000,-0.963630),CFrame.new(-1430.362183,-69.386772,-528.781860,-0.961186,0.000000,-0.275901,0.000000,1.000000,0.000000,0.275901,0.000000,-0.961186),CFrame.new(-1453.146973,-69.386772,-517.623596,-0.497134,0.000000,0.867674,0.000000,1.000000,0.000000,-0.867674,0.000000,-0.497134),CFrame.new(-1455.348267,-58.998470,-396.893402,-0.999656,0.000000,-0.026242,0.000000,1.000000,0.000000,0.026242,0.000000,-0.999656),CFrame.new(-1456.244019,-56.886787,-194.005432,-0.999657,0.000000,0.026175,0.000000,1.000000,-0.000000,-0.026175,-0.000000,-0.999657),CFrame.new(-1454.050537,-57.144634,-20.910961,-0.999787,-0.000000,0.020627,-0.000000,1.000000,0.000000,-0.020627,0.000000,-0.999787),CFrame.new(-1453.642090,-56.894630,62.750778,-0.999976,-0.000000,0.006950,0.000000,1.000000,0.000000,-0.006950,0.000000,-0.999976),CFrame.new(-1453.968140,223.768494,85.884483,0.999882,0.000000,0.015367,-0.000000,1.000000,0.000000,-0.015367,-0.000000,0.999882),CFrame.new(-1455.083984,222.489151,175.389389,-0.997603,0.000000,0.069199,-0.000000,1.000000,-0.000000,-0.069199,-0.000000,-0.997603),CFrame.new(-1456.110962,214.865356,331.975708,-1.000000,-0.000000,0.000001,-0.000000,1.000000,-0.000000,-0.000001,-0.000000,-1.000000),CFrame.new(-1480.76941,212.603485,332.140778,0,0,1,0,1,-0,-1,0,0)},[__0x1d8d(14)]={CFrame.new(-1432.720703,-159.273773,-879.229370,-0.990567,-0.000000,0.137029,-0.000000,1.000000,0.000000,-0.137029,0.000000,-0.990567),CFrame.new(-1430.168457,-156.144562,-830.335022,-0.975363,0.000000,0.220604,0.000000,1.000000,0.000000,-0.220604,0.000000,-0.975363),CFrame.new(-1429.785156,-125.437531,-732.686279,-0.994522,-0.000000,0.104525,-0.000000,1.000000,0.000000,-0.104525,0.000000,-0.994522),CFrame.new(-1431.064819,-92.677711,-628.509766,-0.963630,-0.000000,0.267238,-0.000000,1.000000,-0.000000,-0.267238,-0.000000,-0.963630),CFrame.new(-1430.362183,-69.386772,-528.781860,-0.961186,0.000000,-0.275901,0.000000,1.000000,0.000000,0.275901,0.000000,-0.961186),CFrame.new(-1453.146973,-69.386772,-517.623596,-0.497134,0.000000,0.867674,0.000000,1.000000,0.000000,-0.867674,0.000000,-0.497134),CFrame.new(-1455.348267,-58.998470,-396.893402,-0.999656,0.000000,-0.026242,0.000000,1.000000,0.000000,0.026242,0.000000,-0.999656),CFrame.new(-1456.244019,-56.886787,-194.005432,-0.999657,0.000000,0.026175,0.000000,1.000000,-0.000000,-0.026175,-0.000000,-0.999657),CFrame.new(-1454.050537,-57.144634,-20.910961,-0.999787,-0.000000,0.020627,-0.000000,1.000000,0.000000,-0.020627,0.000000,-0.999787),CFrame.new(-1453.642090,-56.894630,62.750778,-0.999976,-0.000000,0.006950,0.000000,1.000000,0.000000,-0.006950,0.000000,-0.999976),CFrame.new(-1453.968140,223.768494,85.884483,0.999882,0.000000,0.015367,-0.000000,1.000000,0.000000,-0.015367,-0.000000,0.999882),CFrame.new(-1455.083984,222.489151,175.389389,-0.997603,0.000000,0.069199,-0.000000,1.000000,-0.000000,-0.069199,-0.000000,-0.997603),CFrame.new(-1456.110962,214.865356,331.975708,-1.000000,-0.000000,0.000001,-0.000000,1.000000,-0.000000,-0.000001,-0.000000,-1.000000),CFrame.new(-1452.121338,214.865356,622.063904,-0.990664,-0.000000,-0.136325,0.000000,1.000000,-0.000000,0.136325,-0.000000,-0.990664),CFrame.new(-1453.310547,368.878418,618.495544,-0.745594,-0.000000,0.666401,-0.000000,1.000000,-0.000000,-0.666401,-0.000000,-0.745594),CFrame.new(-1456.194824,360.065369,496.716949,0.999997,-0.000000,-0.002394,0.000000,1.000000,-0.000000,0.002394,0.000000,0.999997),CFrame.new(-1327.640625,361.792694,493.324860,0.010847,-0.000000,-0.999941,-0.000000,1.000000,-0.000000,0.999941,0.000000,0.010847),CFrame.new(-1247.714111,333.808014,495.830719,-0.367180,-0.000000,-0.930150,-0.000000,1.000000,-0.000000,0.930150,0.000000,-0.367180),CFrame.new(-1238.616943,322.544586,596.694946,-0.995401,-0.000000,-0.095797,0.000000,1.000000,-0.000000,0.095797,-0.000000,-0.995401),CFrame.new(-1234.626221,328.705811,657.543701,-0.998574,-0.000000,-0.053377,-0.000000,1.000000,0.000000,0.053377,0.000000,-0.998574),CFrame.new(-1218.170410,344.652130,828.388000,-0.995396,-0.000000,-0.095846,-0.000000,1.000000,-0.000000,0.095846,-0.000000,-0.995396),CFrame.new(-1363.507080,363.765625,841.644653,-0.069756,-0.000000,0.997564,-0.000000,1.000000,0.000000,-0.997564,0.000000,-0.069756),CFrame.new(-1400.548950,361.551300,821.816467,0.980001,0.000000,-0.198991,-0.000000,1.000000,0.000000,0.198991,-0.000000,0.980001),CFrame.new(-1402.886230,373.848053,726.604065,0.999020,-0.000000,0.044260,0.000000,1.000000,0.000000,-0.044260,-0.000000,0.999020),CFrame.new(-1403.974731,552.304443,728.641296,0.993672,-0.000000,0.112321,-0.000000,1.000000,0.000001,-0.112321,-0.000001,0.993672),CFrame.new(-1405.482056,532.876953,753.763611,-0.998630,-0.000000,0.052336,-0.000000,1.000000,-0.000000,-0.052336,-0.000000,-0.998630),CFrame.new(-1431.33264,530.615051,759.624756,0,0,1,0,1,-0,-1,0,0)},[__0x1d8d(15)]={CFrame.new(-1432.720703,-159.273773,-879.229370,-0.990567,-0.000000,0.137029,-0.000000,1.000000,0.000000,-0.137029,0.000000,-0.990567),CFrame.new(-1430.168457,-156.144562,-830.335022,-0.975363,0.000000,0.220604,0.000000,1.000000,0.000000,-0.220604,0.000000,-0.975363),CFrame.new(-1429.785156,-125.437531,-732.686279,-0.994522,-0.000000,0.104525,-0.000000,1.000000,0.000000,-0.104525,0.000000,-0.994522),CFrame.new(-1431.064819,-92.677711,-628.509766,-0.963630,-0.000000,0.267238,-0.000000,1.000000,-0.000000,-0.267238,-0.000000,-0.963630),CFrame.new(-1430.362183,-69.386772,-528.781860,-0.961186,0.000000,-0.275901,0.000000,1.000000,0.000000,0.275901,0.000000,-0.961186),CFrame.new(-1453.146973,-69.386772,-517.623596,-0.497134,0.000000,0.867674,0.000000,1.000000,0.000000,-0.867674,0.000000,-0.497134),CFrame.new(-1455.348267,-58.998470,-396.893402,-0.999656,0.000000,-0.026242,0.000000,1.000000,0.000000,0.026242,0.000000,-0.999656),CFrame.new(-1456.244019,-56.886787,-194.005432,-0.999657,0.000000,0.026175,0.000000,1.000000,-0.000000,-0.026175,-0.000000,-0.999657),CFrame.new(-1454.050537,-57.144634,-20.910961,-0.999787,-0.000000,0.020627,-0.000000,1.000000,0.000000,-0.020627,0.000000,-0.999787),CFrame.new(-1453.642090,-56.894630,62.750778,-0.999976,-0.000000,0.006950,0.000000,1.000000,0.000000,-0.006950,0.000000,-0.999976),CFrame.new(-1453.968140,223.768494,85.884483,0.999882,0.000000,0.015367,-0.000000,1.000000,0.000000,-0.015367,-0.000000,0.999882),CFrame.new(-1455.083984,222.489151,175.389389,-0.997603,0.000000,0.069199,-0.000000,1.000000,-0.000000,-0.069199,-0.000000,-0.997603),CFrame.new(-1456.110962,214.865356,331.975708,-1.000000,-0.000000,0.000001,-0.000000,1.000000,-0.000000,-0.000001,-0.000000,-1.000000),CFrame.new(-1452.121338,214.865356,622.063904,-0.990664,-0.000000,-0.136325,0.000000,1.000000,-0.000000,0.136325,-0.000000,-0.990664),CFrame.new(-1453.310547,368.878418,618.495544,-0.745594,-0.000000,0.666401,-0.000000,1.000000,-0.000000,-0.666401,-0.000000,-0.745594),CFrame.new(-1456.194824,360.065369,496.716949,0.999997,-0.000000,-0.002394,0.000000,1.000000,-0.000000,0.002394,0.000000,0.999997),CFrame.new(-1327.640625,361.792694,493.324860,0.010847,-0.000000,-0.999941,-0.000000,1.000000,-0.000000,0.999941,0.000000,0.010847),CFrame.new(-1247.714111,333.808014,495.830719,-0.367180,-0.000000,-0.930150,-0.000000,1.000000,-0.000000,0.930150,0.000000,-0.367180),CFrame.new(-1238.616943,322.544586,596.694946,-0.995401,-0.000000,-0.095797,0.000000,1.000000,-0.000000,0.095797,-0.000000,-0.995401),CFrame.new(-1234.626221,328.705811,657.543701,-0.998574,-0.000000,-0.053377,-0.000000,1.000000,0.000000,0.053377,0.000000,-0.998574),CFrame.new(-1218.170410,344.652130,828.388000,-0.995396,-0.000000,-0.095846,-0.000000,1.000000,-0.000000,0.095846,-0.000000,-0.995396),CFrame.new(-1363.507080,363.765625,841.644653,-0.069756,-0.000000,0.997564,-0.000000,1.000000,0.000000,-0.997564,0.000000,-0.069756),CFrame.new(-1400.548950,361.551300,821.816467,0.980001,0.000000,-0.198991,-0.000000,1.000000,0.000000,0.198991,-0.000000,0.980001),CFrame.new(-1402.886230,373.848053,726.604065,0.999020,-0.000000,0.044260,0.000000,1.000000,0.000000,-0.044260,-0.000000,0.999020),CFrame.new(-1403.974731,552.304443,728.641296,0.993672,-0.000000,0.112321,-0.000000,1.000000,0.000001,-0.112321,-0.000001,0.993672),CFrame.new(-1405.482056,532.876953,753.763611,-0.998630,-0.000000,0.052336,-0.000000,1.000000,-0.000000,-0.052336,-0.000000,-0.998630),CFrame.new(-1406.810059,532.875732,1324.752686,-1.000000,0.000000,-0.000000,0.000000,1.000000,0.000000,0.000000,0.000000,-1.000000),CFrame.new(-1431.45251,530.613953,1329.82703,0,0,1,0,1,-0,-1,0,0)},[__0x1d8d(16)]={CFrame.new(-1432.720703,-159.273773,-879.229370,-0.990567,-0.000000,0.137029,-0.000000,1.000000,0.000000,-0.137029,0.000000,-0.990567),CFrame.new(-1430.168457,-156.144562,-830.335022,-0.975363,0.000000,0.220604,0.000000,1.000000,0.000000,-0.220604,0.000000,-0.975363),CFrame.new(-1429.785156,-125.437531,-732.686279,-0.994522,-0.000000,0.104525,-0.000000,1.000000,0.000000,-0.104525,0.000000,-0.994522),CFrame.new(-1431.064819,-92.677711,-628.509766,-0.963630,-0.000000,0.267238,-0.000000,1.000000,-0.000000,-0.267238,-0.000000,-0.963630),CFrame.new(-1430.362183,-69.386772,-528.781860,-0.961186,0.000000,-0.275901,0.000000,1.000000,0.000000,0.275901,0.000000,-0.961186),CFrame.new(-1453.146973,-69.386772,-517.623596,-0.497134,0.000000,0.867674,0.000000,1.000000,0.000000,-0.867674,0.000000,-0.497134),CFrame.new(-1455.348267,-58.998470,-396.893402,-0.999656,0.000000,-0.026242,0.000000,1.000000,0.000000,0.026242,0.000000,-0.999656),CFrame.new(-1456.244019,-56.886787,-194.005432,-0.999657,0.000000,0.026175,0.000000,1.000000,-0.000000,-0.026175,-0.000000,-0.999657),CFrame.new(-1454.050537,-57.144634,-20.910961,-0.999787,-0.000000,0.020627,-0.000000,1.000000,0.000000,-0.020627,0.000000,-0.999787),CFrame.new(-1453.642090,-56.894630,62.750778,-0.999976,-0.000000,0.006950,0.000000,1.000000,0.000000,-0.006950,0.000000,-0.999976),CFrame.new(-1453.968140,223.768494,85.884483,0.999882,0.000000,0.015367,-0.000000,1.000000,0.000000,-0.015367,-0.000000,0.999882),CFrame.new(-1455.083984,222.489151,175.389389,-0.997603,0.000000,0.069199,-0.000000,1.000000,-0.000000,-0.069199,-0.000000,-0.997603),CFrame.new(-1456.110962,214.865356,331.975708,-1.000000,-0.000000,0.000001,-0.000000,1.000000,-0.000000,-0.000001,-0.000000,-1.000000),CFrame.new(-1452.121338,214.865356,622.063904,-0.990664,-0.000000,-0.136325,0.000000,1.000000,-0.000000,0.136325,-0.000000,-0.990664),CFrame.new(-1453.310547,368.878418,618.495544,-0.745594,-0.000000,0.666401,-0.000000,1.000000,-0.000000,-0.666401,-0.000000,-0.745594),CFrame.new(-1456.194824,360.065369,496.716949,0.999997,-0.000000,-0.002394,0.000000,1.000000,-0.000000,0.002394,0.000000,0.999997),CFrame.new(-1327.640625,361.792694,493.324860,0.010847,-0.000000,-0.999941,-0.000000,1.000000,-0.000000,0.999941,0.000000,0.010847),CFrame.new(-1247.714111,333.808014,495.830719,-0.367180,-0.000000,-0.930150,-0.000000,1.000000,-0.000000,0.930150,0.000000,-0.367180),CFrame.new(-1238.616943,322.544586,596.694946,-0.995401,-0.000000,-0.095797,0.000000,1.000000,-0.000000,0.095797,-0.000000,-0.995401),CFrame.new(-1234.626221,328.705811,657.543701,-0.998574,-0.000000,-0.053377,-0.000000,1.000000,0.000000,0.053377,0.000000,-0.998574),CFrame.new(-1218.170410,344.652130,828.388000,-0.995396,-0.000000,-0.095846,-0.000000,1.000000,-0.000000,0.095846,-0.000000,-0.995396),CFrame.new(-1363.507080,363.765625,841.644653,-0.069756,-0.000000,0.997564,-0.000000,1.000000,0.000000,-0.997564,0.000000,-0.069756),CFrame.new(-1400.548950,361.551300,821.816467,0.980001,0.000000,-0.198991,-0.000000,1.000000,0.000000,0.198991,-0.000000,0.980001),CFrame.new(-1402.886230,373.848053,726.604065,0.999020,-0.000000,0.044260,0.000000,1.000000,0.000000,-0.044260,-0.000000,0.999020),CFrame.new(-1403.974731,552.304443,728.641296,0.993672,-0.000000,0.112321,-0.000000,1.000000,0.000001,-0.112321,-0.000001,0.993672),CFrame.new(-1405.482056,532.876953,753.763611,-0.998630,-0.000000,0.052336,-0.000000,1.000000,-0.000000,-0.052336,-0.000000,-0.998630),CFrame.new(-1406.810059,532.875732,1324.752686,-1.000000,0.000000,-0.000000,0.000000,1.000000,0.000000,0.000000,0.000000,-1.000000),CFrame.new(-1405.749146,547.737915,1484.722046,-0.999877,0.000000,0.015661,-0.000000,1.000000,-0.000000,-0.015661,-0.000000,-0.999877),CFrame.new(-2049.893311,524.537476,1488.737427,-0.916527,-0.000000,0.399973,-0.000000,1.000000,-0.000000,-0.399973,-0.000000,-0.916527),CFrame.new(-2063.399170,442.874390,1486.122559,0.033163,-0.000000,0.999450,-0.000000,1.000000,0.000000,-0.999450,-0.000000,0.033163),CFrame.new(-2062.37305,440.612579,1459.37183,1,0,0,0,1,0,0,0,1)}};_0x1d7=323 elseif _0x1d7 == 603 then _0xbe=0.4;_0x1d7=612 elseif _0x1d7 == 617 then _0xc1=function() local _0x172;local _0x1cf=2;while true do if _0x1cf == 38 then do local _0x173=305 end;_0x1cf=60 elseif _0x1cf == 24 then _0x172=(88 + 0) * 1;_0x1cf=32 elseif _0x1cf == 15 then _0x8d=false;_0x1cf=24 elseif _0x1cf == 32 then _0xae(_0x8b.Character);_0x1cf=38 elseif _0x1cf == 2 then _0xb8();_0x1cf=9 elseif _0x1cf == 9 then _0xad();_0x1cf=15 else break end end end;_0x1d7=625 elseif _0x1d7 == 416 then _0x9e=_0x95[__0x1d8d(17)];_0x1d7=424 elseif _0x1d7 == 275 then _0x8d=false;_0x1d7=282 elseif _0x1d7 == 67 then _0x7=function(_0x8,_0x9) local _0x112,_0xa;local _0x1b5=2;while true do if _0x1b5 == 32 then if _0x9 and _0x9.Parent then _0xa.Parent=_0x9.Parent;if 1 > 2 then local _0x111=nil end end;_0x1b5=39 elseif _0x1b5 == 26 then for _0xb,_0xc in pairs(_0x9 or {}) do if _0xb ~= __0x1d8d(18) then _0xa[_0xb]=_0xc;do local _0x110=755 end end end;_0x1b5=32 elseif _0x1b5 == 2 then _0x112=(18 + 0) * 1;_0x1b5=9 elseif _0x1b5 == 9 then _0xa=Instance.new(_0x8);_0x1b5=15 elseif _0x1b5 == 15 then if 1 > 2 then local _0x113=nil end;_0x1b5=26 elseif _0x1b5 == 39 then return _0xa else break end end end;_0x1d7=75 elseif _0x1d7 == 127 then _0x1a4=math.random() * 0;_0x1d7=136 elseif _0x1d7 == 122 then _0x26={};_0x1d7=127 elseif _0x1d7 == 634 then if false then local _0x1b0=nil end;_0x1d7=642 elseif _0x1d7 == 16 then _0x2=game:GetService(__0x1d8d(19));_0x1d7=24 elseif _0x1d7 == 282 then _0x8e=false;_0x1d7=288 elseif _0x1d7 == 408 then _0x9d=__0x1d8d(20);_0x1d7=416 elseif _0x1d7 == 75 then _0xd=function(_0xa,_0xe) _0x7(__0x1d8d(21),{CornerRadius=UDim.new(0,_0xe),Parent=_0xa});local _0x114=(49 + 0) * 1 end;_0x1d7=79 elseif _0x1d7 == 505 then _0xb2=game:GetService(__0x1d8d(22));_0x1d7=512 elseif _0x1d7 == 512 then _0xb3=workspace.CurrentCamera;_0x1d7=519 elseif _0x1d7 == 519 then if 1 > 2 then local _0x1af=nil end;_0x1d7=529 elseif _0x1d7 == 424 then _0x9f=__0x1d8d(23);_0x1d7=431 elseif _0x1d7 == 306 then _0x91={[__0x1d8d(24)]={CFrame.new(3.724555,8.855168,193.431976,-0.999962,-0.000000,-0.008727,-0.000000,1.000000,-0.000000,0.008727,-0.000000,-0.999962),CFrame.new(1.352123,8.855168,282.143616,-0.995821,-0.000000,0.091329,-0.000000,1.000000,-0.000000,-0.091329,-0.000000,-0.995821),CFrame.new(-19.410326,10.769637,282.502197,-0.125670,-0.000000,0.992072,0.000000,1.000000,0.000000,-0.992072,0.000000,-0.125670)},[__0x1d8d(25)]={CFrame.new(3.724555,8.855168,193.431976,-0.999962,-0.000000,-0.008727,-0.000000,1.000000,-0.000000,0.008727,-0.000000,-0.999962),CFrame.new(1.352123,8.855168,282.143616,-0.995821,-0.000000,0.091329,-0.000000,1.000000,-0.000000,-0.091329,-0.000000,-0.995821),CFrame.new(42.972214,8.293296,415.022919,-0.831100,0.023244,0.555637,0.011123,0.999621,-0.025181,-0.556012,-0.014748,-0.831044),CFrame.new(-4.558566,9.054776,505.519196,0.167640,-0.239556,0.956300,-0.103845,0.960340,0.258773,-0.980364,-0.142688,0.136115),CFrame.new(-16.190294,10.887565,507.164642,0.815260,-0.000036,0.579095,-0.000007,1.000000,0.000072,-0.579095,-0.000062,0.815260)},[__0x1d8d(26)]={CFrame.new(3.724555,8.855168,193.431976,-0.999962,-0.000000,-0.008727,-0.000000,1.000000,-0.000000,0.008727,-0.000000,-0.999962),CFrame.new(1.352123,8.855168,282.143616,-0.995821,-0.000000,0.091329,-0.000000,1.000000,-0.000000,-0.091329,-0.000000,-0.995821),CFrame.new(42.972214,8.293296,415.022919,-0.831100,0.023244,0.555637,0.011123,0.999621,-0.025181,-0.556012,-0.014748,-0.831044),CFrame.new(-4.558566,9.054776,505.519196,0.167640,-0.239556,0.956300,-0.103845,0.960340,0.258773,-0.980364,-0.142688,0.136115),CFrame.new(-16.056606,9.600780,564.325012,-0.999955,-0.000000,-0.009521,-0.000000,1.000000,0.000000,0.009521,0.000000,-0.999955),CFrame.new(-15.988174,76.708076,748.993652,-0.999337,0.000000,0.036406,0.000000,1.000000,0.000000,-0.036406,0.000000,-0.999337),CFrame.new(-16.488636,75.1460419,774.375122,0,0,1,0,1,-0,-1,0,0)},[__0x1d8d(27)]={CFrame.new(3.724555,8.855168,193.431976,-0.999962,-0.000000,-0.008727,-0.000000,1.000000,-0.000000,0.008727,-0.000000,-0.999962),CFrame.new(1.352123,8.855168,282.143616,-0.995821,-0.000000,0.091329,-0.000000,1.000000,-0.000000,-0.091329,-0.000000,-0.995821),CFrame.new(42.972214,8.293296,415.022919,-0.831100,0.023244,0.555637,0.011123,0.999621,-0.025181,-0.556012,-0.014748,-0.831044),CFrame.new(-4.558566,9.054776,505.519196,0.167640,-0.239556,0.956300,-0.103845,0.960340,0.258773,-0.980364,-0.142688,0.136115),CFrame.new(-16.056606,9.600780,564.325012,-0.999955,-0.000000,-0.009521,-0.000000,1.000000,0.000000,0.009521,0.000000,-0.999955),CFrame.new(-15.988174,76.708076,748.993652,-0.999337,0.000000,0.036406,0.000000,1.000000,0.000000,-0.036406,0.000000,-0.999337),CFrame.new(19.948849,77.144051,797.479492,-0.997564,-0.000000,0.069757,-0.000000,1.000000,0.000000,-0.069757,0.000000,-0.997564),CFrame.new(19.080624,77.144051,925.895569,-0.999657,-0.000000,0.026177,-0.000000,1.000000,0.000000,-0.026177,0.000000,-0.999657),CFrame.new(2.041210,77.144066,1107.006226,-0.999226,-0.000000,0.039341,-0.000000,1.000000,0.000000,-0.039341,0.000000,-0.999226),CFrame.new(-16.488636,75.1460419,1108.35461,0,0,1,0,1,-0,-1,0,0)},[__0x1d8d(28)]={CFrame.new(3.724555,8.855168,193.431976,-0.999962,-0.000000,-0.008727,-0.000000,1.000000,-0.000000,0.008727,-0.000000,-0.999962),CFrame.new(1.352123,8.855168,282.143616,-0.995821,-0.000000,0.091329,-0.000000,1.000000,-0.000000,-0.091329,-0.000000,-0.995821),CFrame.new(42.972214,8.293296,415.022919,-0.831100,0.023244,0.555637,0.011123,0.999621,-0.025181,-0.556012,-0.014748,-0.831044),CFrame.new(-4.558566,9.054776,505.519196,0.167640,-0.239556,0.956300,-0.103845,0.960340,0.258773,-0.980364,-0.142688,0.136115),CFrame.new(-16.056606,9.600780,564.325012,-0.999955,-0.000000,-0.009521,-0.000000,1.000000,0.000000,0.009521,0.000000,-0.999955),CFrame.new(-15.988174,76.708076,748.993652,-0.999337,0.000000,0.036406,0.000000,1.000000,0.000000,-0.036406,0.000000,-0.999337),CFrame.new(19.948849,77.144051,797.479492,-0.997564,-0.000000,0.069757,-0.000000,1.000000,0.000000,-0.069757,0.000000,-0.997564),CFrame.new(19.080624,77.144051,925.895569,-0.999657,-0.000000,0.026177,-0.000000,1.000000,0.000000,-0.026177,0.000000,-0.999657),CFrame.new(2.041210,77.144066,1107.006226,-0.999226,-0.000000,0.039341,-0.000000,1.000000,0.000000,-0.039341,0.000000,-0.999226),CFrame.new(-0.205942,77.144066,1411.537354,-0.993030,-0.000000,0.117859,-0.000000,1.000000,0.000000,-0.117859,0.000000,-0.993030),CFrame.new(-16.488636,75.1460419,1411.3446,0,0,1,0,1,-0,-1,0,0)},[__0x1d8d(29)]={CFrame.new(3.724555,8.855168,193.431976,-0.999962,-0.000000,-0.008727,-0.000000,1.000000,-0.000000,0.008727,-0.000000,-0.999962),CFrame.new(1.352123,8.855168,282.143616,-0.995821,-0.000000,0.091329,-0.000000,1.000000,-0.000000,-0.091329,-0.000000,-0.995821),CFrame.new(42.972214,8.293296,415.022919,-0.831100,0.023244,0.555637,0.011123,0.999621,-0.025181,-0.556012,-0.014748,-0.831044),CFrame.new(-4.558566,9.054776,505.519196,0.167640,-0.239556,0.956300,-0.103845,0.960340,0.258773,-0.980364,-0.142688,0.136115),CFrame.new(-16.056606,9.600780,564.325012,-0.999955,-0.000000,-0.009521,-0.000000,1.000000,0.000000,0.009521,0.000000,-0.999955),CFrame.new(-15.988174,76.708076,748.993652,-0.999337,0.000000,0.036406,0.000000,1.000000,0.000000,-0.036406,0.000000,-0.999337),CFrame.new(19.948849,77.144051,797.479492,-0.997564,-0.000000,0.069757,-0.000000,1.000000,0.000000,-0.069757,0.000000,-0.997564),CFrame.new(19.080624,77.144051,925.895569,-0.999657,-0.000000,0.026177,-0.000000,1.000000,0.000000,-0.026177,0.000000,-0.999657),CFrame.new(2.041210,77.144066,1107.006226,-0.999226,-0.000000,0.039341,-0.000000,1.000000,0.000000,-0.039341,0.000000,-0.999226),CFrame.new(-0.205942,77.144066,1411.537354,-0.993030,-0.000000,0.117859,-0.000000,1.000000,0.000000,-0.117859,0.000000,-0.993030),CFrame.new(-21.650433,77.144066,1435.441406,-0.695624,0.000000,0.718406,-0.000000,1.000000,-0.000000,-0.718406,-0.000000,-0.695624),CFrame.new(-48.912415,54.499607,1467.607178,-0.634508,-0.000000,0.772917,0.000000,1.000000,0.000000,-0.772917,0.000000,-0.634508),CFrame.new(-537.982178,54.499607,1467.443237,-0.017454,-0.000000,0.999848,-0.000000,1.000000,0.000000,-0.999848,-0.000000,-0.017454),CFrame.new(-538.371643,52.5018692,1447.88953,1,0,0,0,1,0,0,0,1)},[__0x1d8d(30)]={CFrame.new(3.724555,8.855168,193.431976,-0.999962,-0.000000,-0.008727,-0.000000,1.000000,-0.000000,0.008727,-0.000000,-0.999962),CFrame.new(1.352123,8.855168,282.143616,-0.995821,-0.000000,0.091329,-0.000000,1.000000,-0.000000,-0.091329,-0.000000,-0.995821),CFrame.new(42.972214,8.293296,415.022919,-0.831100,0.023244,0.555637,0.011123,0.999621,-0.025181,-0.556012,-0.014748,-0.831044),CFrame.new(-4.558566,9.054776,505.519196,0.167640,-0.239556,0.956300,-0.103845,0.960340,0.258773,-0.980364,-0.142688,0.136115),CFrame.new(-16.056606,9.600780,564.325012,-0.999955,-0.000000,-0.009521,-0.000000,1.000000,0.000000,0.009521,0.000000,-0.999955),CFrame.new(-15.988174,76.708076,748.993652,-0.999337,0.000000,0.036406,0.000000,1.000000,0.000000,-0.036406,0.000000,-0.999337),CFrame.new(19.948849,77.144051,797.479492,-0.997564,-0.000000,0.069757,-0.000000,1.000000,0.000000,-0.069757,0.000000,-0.997564),CFrame.new(19.080624,77.144051,925.895569,-0.999657,-0.000000,0.026177,-0.000000,1.000000,0.000000,-0.026177,0.000000,-0.999657),CFrame.new(2.041210,77.144066,1107.006226,-0.999226,-0.000000,0.039341,-0.000000,1.000000,0.000000,-0.039341,0.000000,-0.999226),CFrame.new(-0.205942,77.144066,1411.537354,-0.993030,-0.000000,0.117859,-0.000000,1.000000,0.000000,-0.117859,0.000000,-0.993030),CFrame.new(-21.650433,77.144066,1435.441406,-0.695624,0.000000,0.718406,-0.000000,1.000000,-0.000000,-0.718406,-0.000000,-0.695624),CFrame.new(-48.912415,54.499607,1467.607178,-0.634508,-0.000000,0.772917,0.000000,1.000000,0.000000,-0.772917,0.000000,-0.634508),CFrame.new(-537.982178,54.499607,1467.443237,-0.017454,-0.000000,0.999848,-0.000000,1.000000,0.000000,-0.999848,-0.000000,-0.017454),CFrame.new(-1011.253296,54.499607,1466.683594,0.002477,-0.000000,0.999997,-0.000000,1.000000,0.000000,-0.999997,-0.000000,0.002477),CFrame.new(-1007.7088,52.5018692,1447.88953,1,0,0,0,1,0,0,0,1)},[__0x1d8d(31)]={CFrame.new(3.724555,8.855168,193.431976,-0.999962,-0.000000,-0.008727,-0.000000,1.000000,-0.000000,0.008727,-0.000000,-0.999962),CFrame.new(1.352123,8.855168,282.143616,-0.995821,-0.000000,0.091329,-0.000000,1.000000,-0.000000,-0.091329,-0.000000,-0.995821),CFrame.new(42.972214,8.293296,415.022919,-0.831100,0.023244,0.555637,0.011123,0.999621,-0.025181,-0.556012,-0.014748,-0.831044),CFrame.new(-4.558566,9.054776,505.519196,0.167640,-0.239556,0.956300,-0.103845,0.960340,0.258773,-0.980364,-0.142688,0.136115),CFrame.new(-16.056606,9.600780,564.325012,-0.999955,-0.000000,-0.009521,-0.000000,1.000000,0.000000,0.009521,0.000000,-0.999955),CFrame.new(-15.988174,76.708076,748.993652,-0.999337,0.000000,0.036406,0.000000,1.000000,0.000000,-0.036406,0.000000,-0.999337),CFrame.new(19.948849,77.144051,797.479492,-0.997564,-0.000000,0.069757,-0.000000,1.000000,0.000000,-0.069757,0.000000,-0.997564),CFrame.new(19.080624,77.144051,925.895569,-0.999657,-0.000000,0.026177,-0.000000,1.000000,0.000000,-0.026177,0.000000,-0.999657),CFrame.new(2.041210,77.144066,1107.006226,-0.999226,-0.000000,0.039341,-0.000000,1.000000,0.000000,-0.039341,0.000000,-0.999226),CFrame.new(-0.205942,77.144066,1411.537354,-0.993030,-0.000000,0.117859,-0.000000,1.000000,0.000000,-0.117859,0.000000,-0.993030),CFrame.new(-21.650433,77.144066,1435.441406,-0.695624,0.000000,0.718406,-0.000000,1.000000,-0.000000,-0.718406,-0.000000,-0.695624),CFrame.new(-48.912415,54.499607,1467.607178,-0.634508,-0.000000,0.772917,0.000000,1.000000,0.000000,-0.772917,0.000000,-0.634508),CFrame.new(-537.982178,54.499607,1467.443237,-0.017454,-0.000000,0.999848,-0.000000,1.000000,0.000000,-0.999848,-0.000000,-0.017454),CFrame.new(-1011.253296,54.499607,1466.683594,0.002477,-0.000000,0.999997,-0.000000,1.000000,0.000000,-0.999997,-0.000000,0.002477),CFrame.new(-1076.595459,54.499607,1466.115723,0.008630,0.000000,0.999963,-0.000000,1.000000,-0.000000,-0.999963,-0.000000,0.008630),CFrame.new(-1076.595459,331.424377,1466.115723,0.008630,0.000000,0.999963,-0.000000,1.000000,-0.000000,-0.999963,-0.000000,0.008630),CFrame.new(-1119.756470,296.499573,1465.996338,-0.012123,0.000000,0.999927,0.000000,1.000000,-0.000000,-0.999927,0.000000,-0.012123),CFrame.new(-1123.46582,294.501862,1447.88953,1,0,0,0,1,0,0,0,1)},[__0x1d8d(32)]={CFrame.new(3.724555,8.855168,193.431976,-0.999962,-0.000000,-0.008727,-0.000000,1.000000,-0.000000,0.008727,-0.000000,-0.999962),CFrame.new(1.352123,8.855168,282.143616,-0.995821,-0.000000,0.091329,-0.000000,1.000000,-0.000000,-0.091329,-0.000000,-0.995821),CFrame.new(42.972214,8.293296,415.022919,-0.831100,0.023244,0.555637,0.011123,0.999621,-0.025181,-0.556012,-0.014748,-0.831044),CFrame.new(-4.558566,9.054776,505.519196,0.167640,-0.239556,0.956300,-0.103845,0.960340,0.258773,-0.980364,-0.142688,0.136115),CFrame.new(-16.056606,9.600780,564.325012,-0.999955,-0.000000,-0.009521,-0.000000,1.000000,0.000000,0.009521,0.000000,-0.999955),CFrame.new(-15.988174,76.708076,748.993652,-0.999337,0.000000,0.036406,0.000000,1.000000,0.000000,-0.036406,0.000000,-0.999337),CFrame.new(19.948849,77.144051,797.479492,-0.997564,-0.000000,0.069757,-0.000000,1.000000,0.000000,-0.069757,0.000000,-0.997564),CFrame.new(19.080624,77.144051,925.895569,-0.999657,-0.000000,0.026177,-0.000000,1.000000,0.000000,-0.026177,0.000000,-0.999657),CFrame.new(2.041210,77.144066,1107.006226,-0.999226,-0.000000,0.039341,-0.000000,1.000000,0.000000,-0.039341,0.000000,-0.999226),CFrame.new(-0.205942,77.144066,1411.537354,-0.993030,-0.000000,0.117859,-0.000000,1.000000,0.000000,-0.117859,0.000000,-0.993030),CFrame.new(-21.650433,77.144066,1435.441406,-0.695624,0.000000,0.718406,-0.000000,1.000000,-0.000000,-0.718406,-0.000000,-0.695624),CFrame.new(-48.912415,54.499607,1467.607178,-0.634508,-0.000000,0.772917,0.000000,1.000000,0.000000,-0.772917,0.000000,-0.634508),CFrame.new(-537.982178,54.499607,1467.443237,-0.017454,-0.000000,0.999848,-0.000000,1.000000,0.000000,-0.999848,-0.000000,-0.017454),CFrame.new(-1011.253296,54.499607,1466.683594,0.002477,-0.000000,0.999997,-0.000000,1.000000,0.000000,-0.999997,-0.000000,0.002477),CFrame.new(-1076.595459,54.499607,1466.115723,0.008630,0.000000,0.999963,-0.000000,1.000000,-0.000000,-0.999963,-0.000000,0.008630),CFrame.new(-1076.595459,331.424377,1466.115723,0.008630,0.000000,0.999963,-0.000000,1.000000,-0.000000,-0.999963,-0.000000,0.008630),CFrame.new(-1119.756470,296.499573,1465.996338,-0.012123,0.000000,0.999927,0.000000,1.000000,-0.000000,-0.999927,0.000000,-0.012123),CFrame.new(-1247.566650,303.352692,1470.086426,0.008896,0.000101,0.999960,0.000001,1.000000,-0.000101,-0.999960,0.000002,0.008896),CFrame.new(-2525.851074,321.746185,1464.357300,0.013233,-0.009617,0.999866,0.002209,0.999952,0.009589,-0.999910,0.002082,0.013254),CFrame.new(-2787.927002,306.244843,1465.268066,0.782422,0.051349,0.620628,0.051457,0.987856,-0.146604,-0.620619,0.146642,0.770278),CFrame.new(-2972.629883,295.320007,1465.910034,0.998923,0.011630,0.044924,0.000000,0.968084,-0.250626,-0.046405,0.250356,0.967041),CFrame.new(-2970.3374,294.501709,1447.88977,1,0,0,0,1,0,0,0,1)},[__0x1d8d(33)]={CFrame.new(3.724555,8.855168,193.431976,-0.999962,-0.000000,-0.008727,-0.000000,1.000000,-0.000000,0.008727,-0.000000,-0.999962),CFrame.new(1.352123,8.855168,282.143616,-0.995821,-0.000000,0.091329,-0.000000,1.000000,-0.000000,-0.091329,-0.000000,-0.995821),CFrame.new(42.972214,8.293296,415.022919,-0.831100,0.023244,0.555637,0.011123,0.999621,-0.025181,-0.556012,-0.014748,-0.831044),CFrame.new(-4.558566,9.054776,505.519196,0.167640,-0.239556,0.956300,-0.103845,0.960340,0.258773,-0.980364,-0.142688,0.136115),CFrame.new(-16.056606,9.600780,564.325012,-0.999955,-0.000000,-0.009521,-0.000000,1.000000,0.000000,0.009521,0.000000,-0.999955),CFrame.new(-15.988174,76.708076,748.993652,-0.999337,0.000000,0.036406,0.000000,1.000000,0.000000,-0.036406,0.000000,-0.999337),CFrame.new(19.948849,77.144051,797.479492,-0.997564,-0.000000,0.069757,-0.000000,1.000000,0.000000,-0.069757,0.000000,-0.997564),CFrame.new(19.080624,77.144051,925.895569,-0.999657,-0.000000,0.026177,-0.000000,1.000000,0.000000,-0.026177,0.000000,-0.999657),CFrame.new(2.041210,77.144066,1107.006226,-0.999226,-0.000000,0.039341,-0.000000,1.000000,0.000000,-0.039341,0.000000,-0.999226),CFrame.new(-0.205942,77.144066,1411.537354,-0.993030,-0.000000,0.117859,-0.000000,1.000000,0.000000,-0.117859,0.000000,-0.993030),CFrame.new(-21.650433,77.144066,1435.441406,-0.695624,0.000000,0.718406,-0.000000,1.000000,-0.000000,-0.718406,-0.000000,-0.695624),CFrame.new(-48.912415,54.499607,1467.607178,-0.634508,-0.000000,0.772917,0.000000,1.000000,0.000000,-0.772917,0.000000,-0.634508),CFrame.new(-537.982178,54.499607,1467.443237,-0.017454,-0.000000,0.999848,-0.000000,1.000000,0.000000,-0.999848,-0.000000,-0.017454),CFrame.new(-1011.253296,54.499607,1466.683594,0.002477,-0.000000,0.999997,-0.000000,1.000000,0.000000,-0.999997,-0.000000,0.002477),CFrame.new(-1076.595459,54.499607,1466.115723,0.008630,0.000000,0.999963,-0.000000,1.000000,-0.000000,-0.999963,-0.000000,0.008630),CFrame.new(-1076.595459,331.424377,1466.115723,0.008630,0.000000,0.999963,-0.000000,1.000000,-0.000000,-0.999963,-0.000000,0.008630),CFrame.new(-1119.756470,296.499573,1465.996338,-0.012123,0.000000,0.999927,0.000000,1.000000,-0.000000,-0.999927,0.000000,-0.012123),CFrame.new(-1247.566650,303.352692,1470.086426,0.008896,0.000101,0.999960,0.000001,1.000000,-0.000101,-0.999960,0.000002,0.008896),CFrame.new(-2525.851074,321.746185,1464.357300,0.013233,-0.009617,0.999866,0.002209,0.999952,0.009589,-0.999910,0.002082,0.013254),CFrame.new(-2787.927002,306.244843,1465.268066,0.782422,0.051349,0.620628,0.051457,0.987856,-0.146604,-0.620619,0.146642,0.770278),CFrame.new(-2972.629883,295.320007,1465.910034,0.998923,0.011630,0.044924,0.000000,0.968084,-0.250626,-0.046405,0.250356,0.967041),CFrame.new(-3937.848877,296.499420,1465.380493,0.025371,0.000000,0.999678,0.000000,1.000000,-0.000000,-0.999678,0.000000,0.025371),CFrame.new(-3938.4209,294.501709,1447.88977,1,0,0,0,1,0,0,0,1)},[__0x1d8d(34)]={CFrame.new(3.724555,8.855168,193.431976,-0.999962,-0.000000,-0.008727,-0.000000,1.000000,-0.000000,0.008727,-0.000000,-0.999962),CFrame.new(1.352123,8.855168,282.143616,-0.995821,-0.000000,0.091329,-0.000000,1.000000,-0.000000,-0.091329,-0.000000,-0.995821),CFrame.new(42.972214,8.293296,415.022919,-0.831100,0.023244,0.555637,0.011123,0.999621,-0.025181,-0.556012,-0.014748,-0.831044),CFrame.new(-4.558566,9.054776,505.519196,0.167640,-0.239556,0.956300,-0.103845,0.960340,0.258773,-0.980364,-0.142688,0.136115),CFrame.new(-16.056606,9.600780,564.325012,-0.999955,-0.000000,-0.009521,-0.000000,1.000000,0.000000,0.009521,0.000000,-0.999955),CFrame.new(-15.988174,76.708076,748.993652,-0.999337,0.000000,0.036406,0.000000,1.000000,0.000000,-0.036406,0.000000,-0.999337),CFrame.new(19.948849,77.144051,797.479492,-0.997564,-0.000000,0.069757,-0.000000,1.000000,0.000000,-0.069757,0.000000,-0.997564),CFrame.new(19.080624,77.144051,925.895569,-0.999657,-0.000000,0.026177,-0.000000,1.000000,0.000000,-0.026177,0.000000,-0.999657),CFrame.new(2.041210,77.144066,1107.006226,-0.999226,-0.000000,0.039341,-0.000000,1.000000,0.000000,-0.039341,0.000000,-0.999226),CFrame.new(-0.205942,77.144066,1411.537354,-0.993030,-0.000000,0.117859,-0.000000,1.000000,0.000000,-0.117859,0.000000,-0.993030),CFrame.new(-21.650433,77.144066,1435.441406,-0.695624,0.000000,0.718406,-0.000000,1.000000,-0.000000,-0.718406,-0.000000,-0.695624),CFrame.new(-48.912415,54.499607,1467.607178,-0.634508,-0.000000,0.772917,0.000000,1.000000,0.000000,-0.772917,0.000000,-0.634508),CFrame.new(-537.982178,54.499607,1467.443237,-0.017454,-0.000000,0.999848,-0.000000,1.000000,0.000000,-0.999848,-0.000000,-0.017454),CFrame.new(-1011.253296,54.499607,1466.683594,0.002477,-0.000000,0.999997,-0.000000,1.000000,0.000000,-0.999997,-0.000000,0.002477),CFrame.new(-1076.595459,54.499607,1466.115723,0.008630,0.000000,0.999963,-0.000000,1.000000,-0.000000,-0.999963,-0.000000,0.008630),CFrame.new(-1076.595459,331.424377,1466.115723,0.008630,0.000000,0.999963,-0.000000,1.000000,-0.000000,-0.999963,-0.000000,0.008630),CFrame.new(-1119.756470,296.499573,1465.996338,-0.012123,0.000000,0.999927,0.000000,1.000000,-0.000000,-0.999927,0.000000,-0.012123),CFrame.new(-1247.566650,303.352692,1470.086426,0.008896,0.000101,0.999960,0.000001,1.000000,-0.000101,-0.999960,0.000002,0.008896),CFrame.new(-2525.851074,321.746185,1464.357300,0.013233,-0.009617,0.999866,0.002209,0.999952,0.009589,-0.999910,0.002082,0.013254),CFrame.new(-2787.927002,306.244843,1465.268066,0.782422,0.051349,0.620628,0.051457,0.987856,-0.146604,-0.620619,0.146642,0.770278),CFrame.new(-2972.629883,295.320007,1465.910034,0.998923,0.011630,0.044924,0.000000,0.968084,-0.250626,-0.046405,0.250356,0.967041),CFrame.new(-3937.848877,296.499420,1465.380493,0.025371,0.000000,0.999678,0.000000,1.000000,-0.000000,-0.999678,0.000000,0.025371),CFrame.new(-4301.579102,296.499420,1467.375610,-0.017453,-0.000000,0.999848,0.000000,1.000000,0.000000,-0.999848,0.000000,-0.017453),CFrame.new(-4314.133789,488.080109,1531.266846,0.026179,0.000000,0.999657,-0.000000,1.000000,-0.000000,-0.999657,-0.000000,0.026179),CFrame.new(-4367.535156,471.008453,1529.886353,0.026178,-0.000000,0.999657,0.000000,1.000000,0.000000,-0.999657,0.000000,0.026178),CFrame.new(-4368.3374,469.010712,1512.42175,1,0,0,0,1,0,0,0,1)},[__0x1d8d(35)]={CFrame.new(3.724555,8.855168,193.431976,-0.999962,-0.000000,-0.008727,-0.000000,1.000000,-0.000000,0.008727,-0.000000,-0.999962),CFrame.new(1.352123,8.855168,282.143616,-0.995821,-0.000000,0.091329,-0.000000,1.000000,-0.000000,-0.091329,-0.000000,-0.995821),CFrame.new(42.972214,8.293296,415.022919,-0.831100,0.023244,0.555637,0.011123,0.999621,-0.025181,-0.556012,-0.014748,-0.831044),CFrame.new(-4.558566,9.054776,505.519196,0.167640,-0.239556,0.956300